% NumOfDIMSelection=2
function [outputCell] = SystemSim_LoadCoefficient(NumOfDIMSelection)

%% Input of filter coeffieients, id1
id1=1;
b_TFIR=[-0.00244140625000000,0.00341796875000000,-0.00622558593750000,0.0117187500000000,-0.0198974609375000,0.0347900390625000,-0.0678710937500000,0.153442382812500,-0.338989257812500,2.46386718750000,-0.338989257812500,0.153442382812500,-0.0678710937500000,0.0347900390625000,-0.0198974609375000,0.0117187500000000,-0.00622558593750000,0.00341796875000000,-0.00244140625000000,0];
b_THB1=[-0.00231933600000000,0,0.00360107400000000,0,-0.00405883800000000,0,0.00411987300000000,0,-0.00643920900000000,0,0.00961303700000000,0,-0.0120239260000000,0,0.0144042970000000,0,-0.0187377930000000,0,0.0242919920000000,0,-0.0300598140000000,0,0.0373535160000000,0,-0.0481567380000000,0,0.0629272460000000,0,-0.0843505860000000,0,0.122283936000000,0,-0.209564209000000,0,0.635925293000000,1,0.635925293000000,0,-0.209564209000000,0,0.122283936000000,0,-0.0843505860000000,0,0.0629272460000000,0,-0.0481567380000000,0,0.0373535160000000,0,-0.0300598140000000,0,0.0242919920000000,0,-0.0187377930000000,0,0.0144042970000000,0,-0.0120023926000000,0,0.00961303700000000,0,-0.00643920900000000,0,0.00411987300000000,0,-0.00405883800000000,0,0.00360107400000000,0,-0.00231933600000000];
b_THB2=[-0.0820312500000000,0,0.582031250000000,1,0.582031250000000,0,-0.0803125000000000];

%% Input of LOU phase noise, id2
id2=2;
% LOU_PN_f_offset_Hz = [0, 0.001e6, 0.01e6, 0.1e6, 1e6, 5e6, 10e6, 50e6, 100e6, 1.9e9]; % phase noise spectrum, frequenciesLOU_PN_g_offset_dBc1Hz=[-0.00231933600000000,0,0.00360107400000000,0,-0.00405883800000000,0,0.00411987300000000,0,-0.00643920900000000,0,0.00961303700000000,0,-0.0120239260000000,0,0.0144042970000000,0,-0.0187377930000000,0,0.0242919920000000,0,-0.0300598140000000,0,0.0373535160000000,0,-0.0481567380000000,0,0.0629272460000000,0,-0.0843505860000000,0,0.122283936000000,0,-0.209564209000000,0,0.635925293000000,1,0.635925293000000,0,-0.209564209000000,0,0.122283936000000,0,-0.0843505860000000,0,0.0629272460000000,0,-0.0481567380000000,0,0.0373535160000000,0,-0.0300598140000000,0,0.0242919920000000,0,-0.0187377930000000,0,0.0144042970000000,0,-0.0120023926000000,0,0.00961303700000000,0,-0.00643920900000000,0,0.00411987300000000,0,-0.00405883800000000,0,0.00360107400000000,0,-0.00231933600000000];
LOU_PN_g_offset_dBc1Hz = [0, -40, -50, -60, -65, -66, -68, -72, -89, -92]; % phase noise spectrum, magnitude

LOU_PN_f_offset_Hz = [0, 0.1e6, 1e6, 5e6, 10e6, 50e6, 100e6, 1e9]; % phase noise spectrum, frequenciesLOU_PN_g_offset_dBc1Hz=[-0.00231933600000000,0,0.00360107400000000,0,-0.00405883800000000,0,0.00411987300000000,0,-0.00643920900000000,0,0.00961303700000000,0,-0.0120239260000000,0,0.0144042970000000,0,-0.0187377930000000,0,0.0242919920000000,0,-0.0300598140000000,0,0.0373535160000000,0,-0.0481567380000000,0,0.0629272460000000,0,-0.0843505860000000,0,0.122283936000000,0,-0.209564209000000,0,0.635925293000000,1,0.635925293000000,0,-0.209564209000000,0,0.122283936000000,0,-0.0843505860000000,0,0.0629272460000000,0,-0.0481567380000000,0,0.0373535160000000,0,-0.0300598140000000,0,0.0242919920000000,0,-0.0187377930000000,0,0.0144042970000000,0,-0.0120023926000000,0,0.00961303700000000,0,-0.00643920900000000,0,0.00411987300000000,0,-0.00405883800000000,0,0.00360107400000000,0,-0.00231933600000000];
LOU_PN_g_offset_dB_delta = 20;
LOU_PN_g_offset_dBc1Hz = [0, -100, -120, -140, -150, -150, -150, -150]+LOU_PN_g_offset_dB_delta; % phase noisjie spectrum, magnitude
LOU_PN_g_offset_dBc1Hz(1) = [0]; % phase noise spectrum, magnitude

%% Input of LOU spurious, id3
id3=3;
LOU_SPURS_foffset_spurs_Hz = [10e3, 100e3, 1e6, 1.5e6]*1;
LOU_SPURS_g_spurs_dB_delta = 0;
LOU_SPURS_g_spurs_dBc1Hz = [-60, -60, -60, -60]+LOU_SPURS_g_spurs_dB_delta;

%% Input of AC PhaseShifer for each branch, T7, id4
id4=4;
ACPhsShiftNbrDeg_T7 = [1 2 3 4 5 16 7 4];

%% Input of LOD phase noise, id5
id5=5;
% LOD_PN_f_offset_Hz = [0, 0.001e6, 0.01e6, 0.1e6, 1e6, 5e6, 10e6, 50e6, 100e6, 1.9e9]; % phase noise spectrum
LOD_PN_g_offset_dBc1Hz = [0, -64, -80, -92, -105, -110, -121, -123, -124, -125]; % phase noise spectrum, magnitude

LOD_PN_f_offset_Hz = [0, 0.1e6, 1e6, 5e6, 10e6, 50e6, 100e6, 1e9]; % phase noise spectrum
LOD_PN_g_offset_dB_delta = 20;
LOD_PN_g_offset_dBc1Hz = [0, -100, -120, -140, -145, -150, -150, -150]+LOD_PN_g_offset_dB_delta; % phase noise spectrum, magnitude
LOD_PN_g_offset_dBc1Hz = [0, -30, -40, -50, -65, -80, -120, -150]+LOD_PN_g_offset_dB_delta; % phase noise spectrum, magnitude
LOD_PN_g_offset_dBc1Hz(1) = [0]; % phase noise spectrum, magnitude
LOD_PN_f_offset_Hz = [0, 100e3, 200e3, 400e3, 600e3, 800e3, 1.2e6, 1.8e6, 6e6, 10e6]; % phase noise spectrum
LOD_PN_g_offset_dBc1Hz = [0, -100, -115, -120, -129, -132, -135, -140, -150, -153]+LOD_PN_g_offset_dB_delta; % phase noise spectrum, magnitude
LOD_PN_g_offset_dBc1Hz(1) = 0;

%% Input of LOD spurious, id6
id6=6;
LOD_SPURS_foffset_spurs_Hz = [0.2e6, 12e6, 22e6];
LOD_SPURS_foffset_spurs_Hz = [0.2e6, 12e6, 122e6];
LOU_SPURS_g_spurs_dB_delta = 20;
LOD_SPURS_g_spurs_dBc1Hz = [-60, -60, -60]+LOU_SPURS_g_spurs_dB_delta;
LOD_SPURS_foffset_spurs_Hz = [50e3, 100e3, 400e3, 10e6];
LOD_SPURS_g_spurs_dBc1Hz = [-50, -60, -70, -90]+LOU_SPURS_g_spurs_dB_delta;

%% Input of filter coeffieients, R5, id7
id7=7;
b_RHB3=[-0.01874, -0.04218, 0.050476, 0.293884, 0.439636, 0.293884, 0.050476, -0.04218, -0.01874];
b_RHB2=[0.003174, 0, -0.01239, 0, 0.03418, 0, -0.08551, 0, 0.310913, 0.5, 0.310913, 0, -0.08551, 0, 0.03418, 0,...
    -0.01239, 0, 0.003174] ;
b_RFIR=[-2, 23, 46, -17, -104, 10, 208, 23, -370,...
    -97, 607, 240, -942, -489, 1407, 910,...
    -2065, -1637, 3058, 2995, -4912, -6526,...
    9941, 030489, 30489, 9941, -6526, ...
    -4912, 2995, 3058, -1637, -2065, 910,...
    1407, -489, -942, 240, 607, -97, -370, 23,...
    208, 10, -104, -17, 46, 23, -2];

%% Input of filter coeffieients, D6, id8
id8=8;
FIRd6_DNS=1;





%% ======================================================================== %%
%% OuptutCell assignment for all id
% outputCell{:,:,id1}=b_TFIR;
outputCell{2,:,id1}=b_THB1;
outputCell{3,:,id1}=b_THB2;

outputCell{1,:,id2}=LOU_PN_f_offset_Hz;
outputCell{2,:,id2}=LOU_PN_g_offset_dBc1Hz;

outputCell{1,:,id3}=LOU_SPURS_foffset_spurs_Hz;
outputCell{2,:,id3}=LOU_SPURS_g_spurs_dBc1Hz;

outputCell{1,:,id4}=ACPhsShiftNbrDeg_T7;

outputCell{1,:,id5}=LOD_PN_f_offset_Hz;
outputCell{2,:,id5}=LOD_PN_g_offset_dBc1Hz;

outputCell{1,:,id6}=LOD_SPURS_foffset_spurs_Hz;
outputCell{2,:,id6}=LOD_SPURS_g_spurs_dBc1Hz;

outputCell{1,:,id7}=b_RHB3;
outputCell{2,:,id7}=b_RHB2;
outputCell{3,:,id7}=b_RFIR;

outputCell{1,:,id8}=FIRd6_DNS;


% %% check the ~empty cell and export to OutputCell2
% for k=1:size(outputCell,3)
%     ind_output = find(cellfun('isempty',outputCell(:,:,k))==0);
%     outputCell2(:,:,k) = outputCell(ind_output,:,k);
% end
end